# //UNITED STATES GEOLOGICAL SURVEY       http://water.usgs.gov/
# //NATIONAL WATER INFORMATION SYSTEM     http://water.usgs.gov/data.html
# //DATA ARE PROVISIONAL AND SUBJECT TO CHANGE UNTIL PUBLISHED BY USGS
# //RETRIEVED: 2014-08-06 13:00:02
# //WARNING
# //WARNING The stage-discharge rating provided in this file should be
# //WARNING considered provisional and subject to change. Stage-discharge
# //WARNING ratings change over time as the channel features that control
# //WARNING the relation between stage and discharge vary. Users are
# //WARNING cautioned to consider carefully the applicability of this
# //WARNING rating before using it for decisions that concern personal or
# //WARNING public safety or operational consequences.
# //WARNING
# //FILE TYPE="NWIS RATING" 
# //DATABASE NUMBER=01 DESCRIPTION="Colorado District NWIS-I database (contact tkrizman)"
# //STATION AGENCY="USGS " NUMBER="06730200       " TIME_ZONE="MST" DST_FLAG=Y
# //STATION NAME="BOULDER CREEK AT NORTH 75TH ST. NEAR BOULDER, CO"
# //DD NUMBER="   4" LABEL="Discharge FROM DCP (ft3/s)"
# //PARAMETER CODE="00060"
# //RATING SHIFTED="20140806130000 MDT"
# //RATING ID=" 7.0" TYPE="STGQ" NAME="stage-discharge" AGING=A
# //RATING REMARKS="lower extension to cover extreme low flow"
# //RATING EXPANSION="logarithmic"
# //RATING OFFSET1=3.30
# //RATING_INDEP ROUNDING="2223456782" PARAMETER="Gage height (ft)"
# //RATING_DEP ROUNDING="2222233332" PARAMETER="Discharge (ft3/s)"
# //RATING_DATETIME BEGIN=20130905132402 BZONE=MDT END=20131028235959 EZONE=MDT AGING=A
# //RATING_DATETIME BEGIN=20131029000000 BZONE=MDT END=23821230120000 EZONE=MST AGING=W
# //SHIFT_PREV BEGIN="20140805151700" BZONE="MDT" END="--------------" EZONE="---"
# //SHIFT_PREV STAGE1="3.59" SHIFT1="0.00" STAGE2="4.96" SHIFT2="-0.02" STAGE3="6.05" SHIFT3="0.00"
# //SHIFT_PREV COMMENT="Slight fill on recession of July 30, 2014-storm event slightly less negative #298"
# //SHIFT_NEXT BEGIN="--------------" BZONE="---" END="--------------" EZONE="---"
# //SHIFT_NEXT STAGE1="---" SHIFT1="---" STAGE2="---" SHIFT2="---" STAGE3="---" SHIFT3="---"
# //SHIFT_NEXT COMMENT=" "
INDEP	SHIFT	DEP	STOR
16N	16N	16N	1S
3.30	0.00	0.00	*
3.31	0.00	0.06	 
3.32	0.00	0.12	 
3.33	0.00	0.18	 
3.34	0.00	0.24	 
3.35	0.00	0.29	 
3.36	0.00	0.35	 
3.37	0.00	0.41	 
3.38	0.00	0.47	 
3.39	0.00	0.53	 
3.40	0.00	0.59	*
3.41	0.00	0.65	 
3.42	0.00	0.71	 
3.43	0.00	0.76	 
3.44	0.00	0.82	 
3.45	0.00	0.88	 
3.46	0.00	0.94	 
3.47	0.00	1.00	 
3.48	0.00	1.1	 
3.49	0.00	1.1	 
3.50	0.00	1.2	*
3.51	0.00	1.2	 
3.52	0.00	1.3	 
3.53	0.00	1.4	 
3.54	0.00	1.4	 
3.55	0.00	1.5	 
3.56	0.00	1.5	 
3.57	0.00	1.6	 
3.58	0.00	1.7	 
3.59	0.00	1.7	 
3.60	0.00	1.8	*
3.61	0.00	1.9	 
3.62	0.00	1.9	 
3.63	0.00	2.0	 
3.64	0.00	2.1	 
3.65	0.00	2.2	 
3.66	0.00	2.3	 
3.67	0.00	2.3	 
3.68	0.00	2.4	 
3.69	0.00	2.5	 
3.70	0.00	2.6	*
3.71	0.00	2.7	 
3.72	0.00	2.7	 
3.73	0.00	2.8	 
3.74	0.00	2.9	 
3.75	0.00	3.0	 
3.76	0.00	3.1	 
3.77	0.00	3.2	 
3.78	0.00	3.3	 
3.79	0.00	3.4	 
3.80	0.00	3.5	*
3.81	0.00	3.6	 
3.82	0.00	3.7	 
3.83	0.00	3.8	 
3.84	0.00	3.9	 
3.85	0.00	4.1	 
3.86	0.00	4.2	 
3.87	0.00	4.3	 
3.88	0.00	4.4	 
3.89	0.00	4.5	 
3.90	0.00	4.7	*
3.91	0.00	4.8	 
3.92	0.00	4.9	 
3.93	0.00	5.1	 
3.94	-0.01	5.1	 
3.95	-0.01	5.2	 
3.96	-0.01	5.3	 
3.97	-0.01	5.5	 
3.98	-0.01	5.6	 
3.99	-0.01	5.8	 
4.00	-0.01	5.9	 
4.01	-0.01	6.0	*
4.02	-0.01	6.2	 
4.03	-0.01	6.4	 
4.04	-0.01	6.6	 
4.05	-0.01	6.8	 
4.06	-0.01	7.0	 
4.07	-0.01	7.2	 
4.08	-0.01	7.4	 
4.09	-0.01	7.6	 
4.10	-0.01	7.8	 
4.11	-0.01	8.0	*
4.12	-0.01	8.3	 
4.13	-0.01	8.6	 
4.14	-0.01	8.9	 
4.15	-0.01	9.2	 
4.16	-0.01	9.5	 
4.17	-0.01	9.8	 
4.18	-0.01	10	 
4.19	-0.01	10	 
4.20	-0.01	11	 
4.21	-0.01	11	 
4.22	-0.01	11	 
4.23	-0.01	12	 
4.24	-0.01	12	 
4.25	-0.01	12	 
4.26	-0.01	13	 
4.27	-0.01	13	 
4.28	-0.01	14	 
4.29	-0.01	14	 
4.30	-0.01	14	 
4.31	-0.01	15	 
4.32	-0.01	15	 
4.33	-0.01	16	 
4.34	-0.01	16	 
4.35	-0.01	17	 
4.36	-0.01	17	 
4.37	-0.01	17	 
4.38	-0.01	18	 
4.39	-0.01	18	 
4.40	-0.01	19	 
4.41	-0.01	19	 
4.42	-0.01	20	 
4.43	-0.01	20	 
4.44	-0.01	21	 
4.45	-0.01	21	 
4.46	-0.01	22	 
4.47	-0.01	22	 
4.48	-0.01	23	 
4.49	-0.01	23	 
4.50	-0.01	24	 
4.51	-0.01	24	 
4.52	-0.01	25	 
4.53	-0.01	26	 
4.54	-0.01	26	 
4.55	-0.01	27	 
4.56	-0.01	27	 
4.57	-0.01	28	 
4.58	-0.01	29	 
4.59	-0.01	29	 
4.60	-0.01	30	 
4.61	-0.01	31	 
4.62	-0.02	31	 
4.63	-0.02	31	 
4.64	-0.02	32	 
4.65	-0.02	33	 
4.66	-0.02	33	 
4.67	-0.02	34	 
4.68	-0.02	35	 
4.69	-0.02	35	 
4.70	-0.02	36	 
4.71	-0.02	37	 
4.72	-0.02	37	 
4.73	-0.02	38	 
4.74	-0.02	39	 
4.75	-0.02	40	 
4.76	-0.02	41	 
4.77	-0.02	41	*
4.78	-0.02	42	 
4.79	-0.02	43	 
4.80	-0.02	45	 
4.81	-0.02	46	 
4.82	-0.02	47	 
4.83	-0.02	48	 
4.84	-0.02	49	 
4.85	-0.02	50	 
4.86	-0.02	52	 
4.87	-0.02	53	 
4.88	-0.02	54	 
4.89	-0.02	55	 
4.90	-0.02	57	 
4.91	-0.02	58	 
4.92	-0.02	59	 
4.93	-0.02	61	 
4.94	-0.02	62	 
4.95	-0.02	64	 
4.96	-0.02	65	 
4.97	-0.02	67	 
4.98	-0.02	68	 
4.99	-0.02	70	 
5.00	-0.02	71	 
5.01	-0.02	73	 
5.02	-0.02	74	 
5.03	-0.02	76	 
5.04	-0.02	78	 
5.05	-0.02	79	 
5.06	-0.02	81	 
5.07	-0.02	83	 
5.08	-0.02	85	 
5.09	-0.02	86	 
5.10	-0.02	88	 
5.11	-0.02	90	 
5.12	-0.02	92	 
5.13	-0.02	94	 
5.14	-0.02	96	 
5.15	-0.02	98	 
5.16	-0.02	100	 
5.17	-0.02	102	 
5.18	-0.02	104	 
5.19	-0.02	106	 
5.20	-0.02	108	 
5.21	-0.02	110	 
5.22	-0.02	112	 
5.23	-0.02	115	 
5.24	-0.01	119	 
5.25	-0.01	121	 
5.26	-0.01	124	 
5.27	-0.01	126	 
5.28	-0.01	128	 
5.29	-0.01	131	 
5.30	-0.01	133	 
5.31	-0.01	136	 
5.32	-0.01	138	 
5.33	-0.01	141	 
5.34	-0.01	143	 
5.35	-0.01	146	 
5.36	-0.01	149	 
5.37	-0.01	151	 
5.38	-0.01	154	 
5.39	-0.01	157	 
5.40	-0.01	160	 
5.41	-0.01	163	 
5.42	-0.01	166	 
5.43	-0.01	168	 
5.44	-0.01	171	 
5.45	-0.01	174	 
5.46	-0.01	177	 
5.47	-0.01	181	 
5.48	-0.01	184	 
5.49	-0.01	187	 
5.50	-0.01	190	 
5.51	-0.01	193	 
5.52	-0.01	196	 
5.53	-0.01	200	 
5.54	-0.01	203	 
5.55	-0.01	207	 
5.56	-0.01	210	 
5.57	-0.01	213	 
5.58	-0.01	217	 
5.59	-0.01	221	 
5.60	-0.01	224	 
5.61	-0.01	228	 
5.62	-0.01	231	 
5.63	-0.01	235	 
5.64	-0.01	239	 
5.65	-0.01	243	 
5.66	-0.01	247	 
5.67	-0.01	251	 
5.68	-0.01	255	 
5.69	-0.01	259	 
5.70	-0.01	263	 
5.71	-0.01	267	 
5.72	-0.01	271	 
5.73	-0.01	275	 
5.74	-0.01	279	 
5.75	-0.01	283	 
5.76	-0.01	288	 
5.77	-0.01	292	 
5.78	0.00	301	 
5.79	0.00	306	 
5.80	0.00	310	 
5.81	0.00	315	 
5.82	0.00	319	 
5.83	0.00	324	 
5.84	0.00	329	 
5.85	0.00	334	 
5.86	0.00	339	 
5.87	0.00	344	 
5.88	0.00	348	 
5.89	0.00	354	 
5.90	0.00	359	 
5.91	0.00	364	 
5.92	0.00	369	 
5.93	0.00	374	 
5.94	0.00	379	 
5.95	0.00	385	 
5.96	0.00	390	 
5.97	0.00	396	 
5.98	0.00	401	 
5.99	0.00	407	 
6.00	0.00	412	 
6.01	0.00	418	 
6.02	0.00	424	 
6.03	0.00	430	 
6.04	0.00	435	 
6.05	0.00	441	 
6.06	0.00	447	 
6.07	0.00	453	 
6.08	0.00	459	 
6.09	0.00	466	 
6.10	0.00	472	 
6.11	0.00	478	 
6.12	0.00	484	 
6.13	0.00	491	 
6.14	0.00	497	 
6.15	0.00	504	 
6.16	0.00	510	 
6.17	0.00	517	 
6.18	0.00	524	 
6.19	0.00	530	 
6.20	0.00	537	 
6.21	0.00	544	 
6.22	0.00	551	 
6.23	0.00	558	 
6.24	0.00	565	 
6.25	0.00	572	 
6.26	0.00	579	 
6.27	0.00	587	 
6.28	0.00	594	 
6.29	0.00	602	 
6.30	0.00	609	*
6.31	0.00	616	 
6.32	0.00	623	 
6.33	0.00	630	 
6.34	0.00	637	 
6.35	0.00	644	 
6.36	0.00	652	 
6.37	0.00	659	 
6.38	0.00	666	 
6.39	0.00	674	 
6.40	0.00	681	*
6.41	0.00	688	 
6.42	0.00	695	 
6.43	0.00	702	 
6.44	0.00	710	 
6.45	0.00	717	 
6.46	0.00	724	 
6.47	0.00	732	 
6.48	0.00	739	 
6.49	0.00	746	 
6.50	0.00	754	*
6.51	0.00	761	 
6.52	0.00	768	 
6.53	0.00	776	 
6.54	0.00	783	 
6.55	0.00	790	 
6.56	0.00	798	 
6.57	0.00	805	 
6.58	0.00	813	 
6.59	0.00	820	 
6.60	0.00	828	*
6.61	0.00	835	 
6.62	0.00	842	 
6.63	0.00	850	 
6.64	0.00	857	 
6.65	0.00	864	 
6.66	0.00	872	 
6.67	0.00	879	 
6.68	0.00	887	 
6.69	0.00	894	 
6.70	0.00	902	*
6.71	0.00	909	 
6.72	0.00	917	 
6.73	0.00	924	 
6.74	0.00	931	 
6.75	0.00	939	 
6.76	0.00	946	 
6.77	0.00	953	 
6.78	0.00	961	 
6.79	0.00	968	 
6.80	0.00	976	*
6.81	0.00	983	 
6.82	0.00	991	 
6.83	0.00	998	 
6.84	0.00	1010	 
6.85	0.00	1010	 
6.86	0.00	1020	 
6.87	0.00	1030	 
6.88	0.00	1030	 
6.89	0.00	1040	 
6.90	0.00	1050	*
6.91	0.00	1060	 
6.92	0.00	1060	 
6.93	0.00	1070	 
6.94	0.00	1080	 
6.95	0.00	1090	 
6.96	0.00	1090	 
6.97	0.00	1100	 
6.98	0.00	1110	 
6.99	0.00	1120	 
7.00	0.00	1120	 
7.01	0.00	1130	 
7.02	0.00	1140	 
7.03	0.00	1150	 
7.04	0.00	1150	 
7.05	0.00	1160	 
7.06	0.00	1170	 
7.07	0.00	1180	 
7.08	0.00	1180	 
7.09	0.00	1190	 
7.10	0.00	1200	*
7.11	0.00	1210	 
7.12	0.00	1220	 
7.13	0.00	1220	 
7.14	0.00	1230	 
7.15	0.00	1240	 
7.16	0.00	1250	 
7.17	0.00	1260	 
7.18	0.00	1260	 
7.19	0.00	1270	 
7.20	0.00	1280	 
7.21	0.00	1290	 
7.22	0.00	1300	 
7.23	0.00	1300	 
7.24	0.00	1310	 
7.25	0.00	1320	 
7.26	0.00	1330	 
7.27	0.00	1340	 
7.28	0.00	1340	 
7.29	0.00	1350	 
7.30	0.00	1360	 
7.31	0.00	1370	 
7.32	0.00	1380	 
7.33	0.00	1390	 
7.34	0.00	1400	 
7.35	0.00	1400	 
7.36	0.00	1410	 
7.37	0.00	1420	 
7.38	0.00	1430	 
7.39	0.00	1440	 
7.40	0.00	1450	 
7.41	0.00	1460	 
7.42	0.00	1460	 
7.43	0.00	1470	 
7.44	0.00	1480	 
7.45	0.00	1490	 
7.46	0.00	1500	 
7.47	0.00	1510	 
7.48	0.00	1520	 
7.49	0.00	1530	 
7.50	0.00	1540	 
7.51	0.00	1540	 
7.52	0.00	1550	 
7.53	0.00	1560	 
7.54	0.00	1570	 
7.55	0.00	1580	 
7.56	0.00	1590	 
7.57	0.00	1600	 
7.58	0.00	1610	 
7.59	0.00	1620	 
7.60	0.00	1630	 
7.61	0.00	1640	 
7.62	0.00	1650	 
7.63	0.00	1660	 
7.64	0.00	1660	 
7.65	0.00	1670	 
7.66	0.00	1680	 
7.67	0.00	1690	 
7.68	0.00	1700	 
7.69	0.00	1710	 
7.70	0.00	1720	 
7.71	0.00	1730	 
7.72	0.00	1740	 
7.73	0.00	1750	 
7.74	0.00	1760	 
7.75	0.00	1770	 
7.76	0.00	1780	 
7.77	0.00	1790	 
7.78	0.00	1800	 
7.79	0.00	1810	 
7.80	0.00	1820	 
7.81	0.00	1830	 
7.82	0.00	1840	 
7.83	0.00	1850	 
7.84	0.00	1860	 
7.85	0.00	1870	 
7.86	0.00	1880	 
7.87	0.00	1890	 
7.88	0.00	1900	 
7.89	0.00	1910	 
7.90	0.00	1920	 
7.91	0.00	1930	 
7.92	0.00	1940	 
7.93	0.00	1950	 
7.94	0.00	1960	 
7.95	0.00	1970	 
7.96	0.00	1980	 
7.97	0.00	1990	 
7.98	0.00	2000	 
7.99	0.00	2020	 
8.00	0.00	2030	 
8.01	0.00	2040	 
8.02	0.00	2050	 
8.03	0.00	2060	 
8.04	0.00	2070	 
8.05	0.00	2080	 
8.06	0.00	2090	 
8.07	0.00	2100	 
8.08	0.00	2110	 
8.09	0.00	2120	 
8.10	0.00	2130	 
8.11	0.00	2140	 
8.12	0.00	2160	 
8.13	0.00	2170	 
8.14	0.00	2180	 
8.15	0.00	2190	 
8.16	0.00	2200	 
8.17	0.00	2210	 
8.18	0.00	2220	 
8.19	0.00	2230	 
8.20	0.00	2240	 
8.21	0.00	2260	 
8.22	0.00	2270	 
8.23	0.00	2280	 
8.24	0.00	2290	 
8.25	0.00	2300	 
8.26	0.00	2310	 
8.27	0.00	2320	 
8.28	0.00	2340	 
8.29	0.00	2350	 
8.30	0.00	2360	 
8.31	0.00	2370	 
8.32	0.00	2380	 
8.33	0.00	2390	 
8.34	0.00	2410	 
8.35	0.00	2420	 
8.36	0.00	2430	 
8.37	0.00	2440	 
8.38	0.00	2450	 
8.39	0.00	2470	 
8.40	0.00	2480	 
8.41	0.00	2490	 
8.42	0.00	2500	 
8.43	0.00	2510	 
8.44	0.00	2530	 
8.45	0.00	2540	 
8.46	0.00	2550	 
8.47	0.00	2560	 
8.48	0.00	2570	 
8.49	0.00	2590	 
8.50	0.00	2600	 
8.51	0.00	2610	 
8.52	0.00	2620	 
8.53	0.00	2640	 
8.54	0.00	2650	 
8.55	0.00	2660	 
8.56	0.00	2670	 
8.57	0.00	2690	 
8.58	0.00	2700	 
8.59	0.00	2710	 
8.60	0.00	2720	 
8.61	0.00	2740	 
8.62	0.00	2750	 
8.63	0.00	2760	 
8.64	0.00	2770	 
8.65	0.00	2790	 
8.66	0.00	2800	 
8.67	0.00	2810	 
8.68	0.00	2830	 
8.69	0.00	2840	 
8.70	0.00	2850	 
8.71	0.00	2860	 
8.72	0.00	2880	 
8.73	0.00	2890	 
8.74	0.00	2900	 
8.75	0.00	2920	 
8.76	0.00	2930	 
8.77	0.00	2940	 
8.78	0.00	2960	 
8.79	0.00	2970	 
8.80	0.00	2980	 
8.81	0.00	3000	 
8.82	0.00	3010	 
8.83	0.00	3020	 
8.84	0.00	3040	 
8.85	0.00	3050	 
8.86	0.00	3060	 
8.87	0.00	3080	 
8.88	0.00	3090	 
8.89	0.00	3110	 
8.90	0.00	3120	 
8.91	0.00	3130	 
8.92	0.00	3150	 
8.93	0.00	3160	 
8.94	0.00	3170	 
8.95	0.00	3190	 
8.96	0.00	3200	 
8.97	0.00	3220	 
8.98	0.00	3230	 
8.99	0.00	3240	 
9.00	0.00	3260	*
9.01	0.00	3270	 
9.02	0.00	3290	 
9.03	0.00	3300	 
9.04	0.00	3320	 
9.05	0.00	3330	 
9.06	0.00	3350	 
9.07	0.00	3360	 
9.08	0.00	3380	 
9.09	0.00	3390	 
9.10	0.00	3410	*
9.11	0.00	3430	 
9.12	0.00	3440	 
9.13	0.00	3460	 
9.14	0.00	3480	 
9.15	0.00	3490	 
9.16	0.00	3510	 
9.17	0.00	3530	 
9.18	0.00	3550	 
9.19	0.00	3560	 
9.20	0.00	3580	*
9.21	0.00	3600	 
9.22	0.00	3620	 
9.23	0.00	3640	 
9.24	0.00	3660	 
9.25	0.00	3670	 
9.26	0.00	3690	 
9.27	0.00	3710	 
9.28	0.00	3730	 
9.29	0.00	3750	 
9.30	0.00	3770	*
9.31	0.00	3790	 
9.32	0.00	3820	 
9.33	0.00	3840	 
9.34	0.00	3860	 
9.35	0.00	3880	 
9.36	0.00	3910	 
9.37	0.00	3930	 
9.38	0.00	3950	 
9.39	0.00	3980	 
9.40	0.00	4000	*
9.41	0.00	4030	 
9.42	0.00	4050	 
9.43	0.00	4080	 
9.44	0.00	4100	 
9.45	0.00	4130	 
9.46	0.00	4150	 
9.47	0.00	4180	 
9.48	0.00	4210	 
9.49	0.00	4230	 
9.50	0.00	4260	*
9.51	0.00	4290	 
9.52	0.00	4320	 
9.53	0.00	4350	 
9.54	0.00	4380	 
9.55	0.00	4400	 
9.56	0.00	4430	 
9.57	0.00	4460	 
9.58	0.00	4490	 
9.59	0.00	4520	 
9.60	0.00	4550	 
9.61	0.00	4580	 
9.62	0.00	4610	 
9.63	0.00	4640	 
9.64	0.00	4670	 
9.65	0.00	4710	 
9.66	0.00	4740	 
9.67	0.00	4770	 
9.68	0.00	4800	 
9.69	0.00	4830	 
9.70	0.00	4860	 
9.71	0.00	4890	 
9.72	0.00	4920	 
9.73	0.00	4960	 
9.74	0.00	4990	 
9.75	0.00	5020	 
9.76	0.00	5050	 
9.77	0.00	5090	 
9.78	0.00	5120	 
9.79	0.00	5150	 
9.80	0.00	5190	 
9.81	0.00	5220	 
9.82	0.00	5250	 
9.83	0.00	5290	 
9.84	0.00	5320	 
9.85	0.00	5350	 
9.86	0.00	5390	 
9.87	0.00	5420	 
9.88	0.00	5460	 
9.89	0.00	5490	 
9.90	0.00	5520	 
9.91	0.00	5560	 
9.92	0.00	5590	 
9.93	0.00	5630	 
9.94	0.00	5670	 
9.95	0.00	5700	 
9.96	0.00	5740	 
9.97	0.00	5770	 
9.98	0.00	5810	 
9.99	0.00	5850	 
10.00	0.00	5880	 
10.01	0.00	5920	 
10.02	0.00	5950	 
10.03	0.00	5990	 
10.04	0.00	6030	 
10.05	0.00	6070	 
10.06	0.00	6100	 
10.07	0.00	6140	 
10.08	0.00	6180	 
10.09	0.00	6220	 
10.10	0.00	6260	 
10.11	0.00	6290	 
10.12	0.00	6330	 
10.13	0.00	6370	 
10.14	0.00	6410	 
10.15	0.00	6450	 
10.16	0.00	6490	 
10.17	0.00	6530	 
10.18	0.00	6570	 
10.19	0.00	6610	 
10.20	0.00	6650	 
10.21	0.00	6690	 
10.22	0.00	6730	 
10.23	0.00	6770	 
10.24	0.00	6810	 
10.25	0.00	6850	 
10.26	0.00	6890	 
10.27	0.00	6930	 
10.28	0.00	6970	 
10.29	0.00	7010	 
10.30	0.00	7060	 
10.31	0.00	7100	 
10.32	0.00	7140	 
10.33	0.00	7180	 
10.34	0.00	7230	 
10.35	0.00	7270	 
10.36	0.00	7310	 
10.37	0.00	7350	 
10.38	0.00	7400	 
10.39	0.00	7440	 
10.40	0.00	7490	 
10.41	0.00	7530	 
10.42	0.00	7570	 
10.43	0.00	7620	 
10.44	0.00	7660	 
10.45	0.00	7710	 
10.46	0.00	7750	 
10.47	0.00	7800	 
10.48	0.00	7840	 
10.49	0.00	7890	 
10.50	0.00	7930	 
10.51	0.00	7980	 
10.52	0.00	8030	 
10.53	0.00	8070	 
10.54	0.00	8120	 
10.55	0.00	8170	 
10.56	0.00	8210	 
10.57	0.00	8260	 
10.58	0.00	8310	 
10.59	0.00	8350	 
10.60	0.00	8400	 
10.61	0.00	8450	 
10.62	0.00	8500	 
10.63	0.00	8550	 
10.64	0.00	8600	 
10.65	0.00	8640	 
10.66	0.00	8690	 
10.67	0.00	8740	 
10.68	0.00	8790	 
10.69	0.00	8840	 
10.70	0.00	8890	 
10.71	0.00	8940	 
10.72	0.00	8990	 
10.73	0.00	9040	 
10.74	0.00	9090	*
